[gui_defaults]
dark = true

[sinusgen_defaults]
offset = 0.000000
periods = 1
factor = 1.000000
samples = 4096
frequency = 1.000000
amplitude = 1.000000
phase = 0.000000

